date,JAPAN,FRANCE,GERMANY,AUSTRALIA,SWITZERLAND,UNITED KINGDOM
2002-05-31,0.06419036365427844,-0.05466372586917978,-0.05226940678452974,-0.04069330113869207,0.018600266424589007,-0.04063629181012529
2002-06-30,-0.08961201368925031,-0.09826374849110397,-0.08562270622687285,0.0005202195585827241,-0.09133062881673837,-0.14126825535777587
2002-07-31,0.011166245185048274,-0.06922138029867342,-0.07423463678753428,-0.07080959990208424,-0.06453141735678714,-0.054260568701443246
2002-08-31,0.0006594748602467559,-0.03819194483687682,-0.036494001632347506,-0.04840843540540696,-0.003261481781220099,-0.04530102522706492
2002-09-30,0.0012975085380099172,-0.1623743222233014,-0.21881822767509562,-0.06912013117243576,-0.07587426728463686,-0.1263230089109637
2002-10-31,-0.08845244147892461,0.07267762589632953,0.06593340192949304,-0.03667262801679416,0.01948732199341552,0.04044451897508683
2002-11-30,0.0682042431319464,0.03300394338761792,0.01409519019264227,-0.022412451026609492,0.046436712238330013,0.004213369024126834
2002-12-31,-0.06947430889170148,-0.10621774652979488,-0.1383196838412899,-0.08130070320703897,-0.1063694016184703,-0.08918198999510951
2003-01-31,0.01565475521804016,-0.030534987210506404,-0.02271631264880347,-0.03566059695404977,-0.011367457468563935,-0.08925225112155544
2003-02-28,-0.0013187278926599655,-0.051967933932749344,-0.05264781233182669,-0.07815917496015934,-0.03057496530061643,0.013459007242574428
2003-03-31,-0.0038399569171857495,-0.06181724736007699,-0.05509288877454144,-1.0658034476085376e-05,0.013546955601473232,-0.0386341153711679
2003-04-30,-0.00517927859530265,0.04282739368514177,0.09783771099948835,-0.038161955580448215,0.06629278214674783,0.028965841869208253
2003-05-31,0.08977390824048848,0.07681783890741989,0.06657249091504269,-0.00036260943871591067,0.0758603065093496,0.024549678753307047
2003-06-30,0.08147970585804942,0.06088595888681636,0.09441829102513422,0.01775347118370907,0.06852323266564697,0.026906361162320147
2003-07-31,0.047177492259285136,0.017348472563797124,0.041447448438304724,0.005224152258328507,0.04005776638103287,0.005450378470565731
2003-08-31,0.040959853332849905,-0.00597011734966002,-0.02935697491811562,-0.04263854085802432,0.010810258220317781,-0.04463080993878843
2003-09-30,0.021492959139022272,-0.08111680931200271,-0.08643201327937167,-0.06250242729437261,-0.04005961340373887,-0.06778389450309219
2003-10-31,0.08332764681999971,0.0990693818084376,0.13025009179155655,0.010023512033352278,0.0999457494734286,0.05281455504471677
2003-11-30,-0.039690833918238466,-0.0487253803146972,-0.04587514262278991,-0.06386806840611259,-0.03335078069501307,-0.046707420290638124
2003-12-31,0.0523658716436215,0.04631197248813512,0.047895316988459724,-0.021787789531962698,0.07018869064944222,-0.00727690041653517
2004-01-31,0.0331312282167503,0.04696304157376119,0.0552989497358527,-0.015500809098914381,0.08384557516816693,-0.02382063125686873
2004-02-29,0.05407400280040231,0.047650115967712625,0.018443571479027532,0.029136018816495524,0.04566148593499053,0.042096581615966855
2004-03-31,0.0814019520732352,-0.03548969729518581,-0.04683750305926815,-0.05043266939086688,-0.025911423168925585,-0.054441938636694776
2004-04-30,0.08782292377952705,-0.022987868650516052,-0.004480636113341374,-0.0015066251736078895,0.015107639108537185,-0.011856060107350741
2004-05-31,-0.0900650135153458,-0.007886447162443355,-0.031112013164611874,-0.06839387307453015,-0.0277148731969743,-0.08028314975260131
2004-06-30,0.08852234977108231,0.022878521433459698,0.02555821244012657,-0.056180426758847934,0.041478442414343286,-0.004624013495490242
2004-07-31,-0.02270270393784979,-0.00706729290880781,-0.0190111584218986,0.010738124648272729,0.009788708363025811,-0.02563289359992882
2004-08-31,0.0006739701374961493,-0.0201169514878049,-0.03698418393448677,-0.00984256452396548,-0.01687797509491895,-0.012764536404091587
2004-09-30,-0.014578108810908708,-0.007890553540438772,0.0019761360470926803,-0.05588420887565593,-0.0031975967351436374,-0.026038902047465617
2004-10-31,-0.021441384352872905,0.0014253718909704727,-0.0028402334634716198,-0.0015186269797573537,-0.025717819578074508,-0.035157605511909384
2004-11-30,0.06732335660903543,0.025957566693138645,0.05215867228260884,0.0729422913106581,0.06974135392861269,-0.010598825642479826
2004-12-31,0.07736137468186466,0.0812331268973312,0.08582172199446148,-0.004624817627541855,0.10871043550519366,0.0703519167929354
2005-01-31,0.04529085715218373,0.023838090607139595,0.002857670178555316,-0.0296972436240297,0.027264263014405543,-0.03890038355638992
2005-02-28,0.04178178663158072,0.02038134115404655,0.011587627466619788,0.00890437476556527,0.033213485525712905,-0.0011738215245500339
2005-03-31,0.05607668557070766,0.049802999260901704,0.038382970940683325,-0.016140027768232534,0.051286483547613226,-0.013163433477138442
2005-04-30,-0.03334264971938328,-0.015139139156710613,-0.017674196267669973,-0.06068837197477028,0.01359515292762159,-0.018351743684767885
2005-05-31,0.07006044182734883,0.09774265860560782,0.09277352839129871,-0.0062120125682672,0.08605880899658092,0.022131310049803954
2005-06-30,0.07327918109536324,0.012151346070860769,0.009863976393732377,0.044758189817138305,0.03257417303621368,0.03834091431774156
2005-07-31,0.011857967826856664,0.03590563968508187,0.0473715955033871,-0.04518687440520919,0.036944836278282045,-0.0385495792372611
2005-08-31,0.1093294606441847,0.027636286026794243,0.034929819712534727,0.007750251515348472,0.05093308369676297,0.019418490396158283
2005-09-30,0.18812259853334978,0.074067360140597,0.06724059898375256,0.05613110187537962,0.10781492645678636,0.05741916580817197
2005-10-31,0.06427338026088325,-0.015585859820825942,-0.0018088040655537263,-0.03766817861571137,0.04058251992867823,-0.03135299490718335
2005-11-30,0.07430247337054552,0.02478966621224732,0.03428550154739951,-0.008972615436777076,0.06181881879065321,0.003848241587168344
2005-12-31,0.09723578601164196,0.03654238431655221,0.04121058999304705,0.015129843775089302,0.04771900005775431,0.03392522764170858
2006-01-31,0.12572756537033436,0.10631322938235277,0.1163907966033626,0.050863454182815016,0.11589427868198143,0.04745962951636962
2006-02-28,-0.010108876109370835,0.012017374372430112,0.03072652587861513,0.012000664263613903,0.03737246535008898,0.0147752877142171
2006-03-31,0.09967120674555274,0.05129002009147832,0.04048050272976966,0.00011717429690039083,0.04838407405300216,0.022715635250866395
2006-04-30,-0.006870580662474146,0.003399502921253017,0.009719511413072146,-0.003822888429118043,0.020749464720107413,-0.03334611958346767
2006-05-31,0.040405633764030835,0.03201784306368016,0.02089835404070295,0.018503869070572665,0.04456693017768387,0.027914983055060905
2006-06-30,0.03716763577454241,0.025244881104948602,0.007656499662769711,-0.03832181399440815,0.031018924082583887,0.013086244169722594
2006-07-31,0.025841168449641128,0.022391333822668003,0.015923700512755712,-0.01767528675756136,0.0588277373669317,-0.01019257955634334
2006-08-31,0.09992324629845628,0.06988034938111376,0.06502828413413009,0.050074789416979515,0.08235288017751086,0.04346507945123168
2006-09-30,0.04018413390749831,0.03663958524245636,0.05127816586414258,-0.006316151911300416,0.07909481353258685,0.018346193275964318
2006-10-31,0.03125812930151395,0.008018965188461458,0.022287305758686315,0.008373610715883162,0.026057914869780596,0.0053513797207314084
2006-11-30,0.04999960113034363,0.018244702827259873,0.017980875242255223,0.020928069572418107,0.028603249440049883,-0.010356335971533737
2006-12-31,0.12166751334384662,0.10271488136772478,0.10578317305693163,0.048670065596083,0.12894179245405768,0.06182202732517883
2007-01-31,0.04470232382445305,0.0026044966170966077,0.02550874613141696,0.003885485698071456,0.04275939445874122,-0.00648311940389501
2007-02-28,0.03418059283075392,-0.002810433898137399,0.000705508960324841,-0.007332911221086702,-0.0170345594624004,0.0021259528209426337
2007-03-31,0.07274105868923442,0.037384262207060814,0.03899814198588336,-0.00927574349821314,0.07768683898519013,0.0008094136124701112
2007-04-30,0.03819693363019672,0.07996338346082577,0.08694819133930975,0.06655093235055087,0.10164334960419419,0.042040212064265337
2007-05-31,0.0738376811444964,0.06290087117121113,0.07090476582936267,-0.006046524557681288,0.04409921798872651,0.01694478736260896
2007-06-30,0.02975078409858334,-0.01468221689113125,-0.013273046143572498,-0.02237023650862424,-0.027223831863755543,-0.04336482003471731
2007-07-31,-0.02386255603282983,-0.007440238902122087,0.000610559699323332,0.04697940394776068,0.011446166979069305,-0.007651888090838721
2007-08-31,0.014412118160137655,-0.03955584904943221,-0.025642148458437042,-0.06893938168219871,0.011498975257716038,-0.029612241813099627
2007-09-30,0.07386759476338267,0.0036359667701968412,0.021591560725282788,-0.009951569486922995,0.03604095247092198,-0.008693035253329207
2007-10-31,-0.001707499056678774,0.02214321884003234,0.020045070098213547,0.08074204223742809,0.011541677777033632,0.029867841597664757
2007-11-30,0.04025837429608892,0.013013420112265806,0.017737042207537357,-0.03349671087182726,0.04648807228150864,-0.01661838392568904
2007-12-31,-0.058164471495463776,-0.037999489186005375,-0.013141885994634395,-0.09361378528771236,-0.060284975902409776,-0.020455817355746753
2008-01-31,-0.03900116683426347,-0.141735939888871,-0.1310455484048405,-0.18712628905064344,-0.08028788319902869,-0.13182999772872506
2008-02-29,-0.04981498980444743,-0.08880826317209212,-0.07306234122810784,-0.02907337836243329,-0.07406303028183459,-0.04754331158330927
2008-03-31,0.025473702341385795,-0.0034829652393486565,-0.011139391663903098,-0.09151874433260943,0.045084296473195895,-0.01825707096853546
2008-04-30,0.12030334016799138,0.07702920000473745,0.06026470464266254,-0.013714852020743296,0.10370241683719728,0.01970635273907484
2008-05-31,0.06412573393911047,-0.01326753870382058,-0.013172081236853428,-0.005648760051667923,-0.019797099487662173,-0.045443315813090024
2008-06-30,-0.06394230618469376,-0.14610848690739797,-0.1163870459247569,-0.13654166506859677,-0.08471007285334464,-0.11492415595316374
2008-07-31,0.03001701698270498,0.0240417077030316,0.03689946992960924,0.0037973478227444346,0.0783162860928942,0.001179162622988006
2008-08-31,-0.05551427010369403,0.002540991521439606,-0.02593122003138726,-0.003150294388361008,0.009581606049056557,0.02410382506147224
2008-09-30,-0.13550110985877195,-0.06008391109105882,-0.05273859177711704,-0.01028949842202087,-0.051597633496806905,-0.11707072163575238
2008-10-31,-0.1619198628474,-0.1721372504745884,-0.2680565149640599,-0.25990448732802196,-0.07930853703210139,-0.0963546974003181
2008-11-30,-0.05164740434095649,-0.16761872198174577,-0.16168618824497494,-0.14727622985658617,-0.12052448902955248,-0.09500711263479444
2008-12-31,0.08579509590660161,0.05736501683984252,0.10875071815419446,-0.009221016927206227,-0.0004559842610629694,0.01688129198388988
2009-01-31,-0.030866798629356484,-0.0581456815260144,-0.08348478633631717,-0.027233511080019368,0.007652825362139737,-0.08913092452421112
2009-02-28,-0.017845504645500276,-0.14990770508259865,-0.1549033305757277,-0.1307731538014636,-0.12088112715518073,-0.054883271422132895
2009-03-31,-0.009528613812681774,0.037684199903167626,0.04398136772687633,0.007332913716702416,0.03170634278232898,-0.044689878067847744
2009-04-30,0.04117400847403818,0.10631706242446604,0.12807968285756943,0.04302468271049453,0.09173755358516389,0.07956613448776384
2009-05-31,0.09426864417859271,0.04757909929508841,0.04057948899774777,0.008205862291219113,0.048466912616141666,0.020909863436141318
2009-06-30,0.014078429360790956,-0.014205191769881886,-0.007669612008340154,0.061768397485534976,0.033280839713611066,0.027484223507890926
2009-07-31,0.051398450236930016,0.06704506991049275,0.07317436479694917,0.01044765376039325,0.08052019697032042,0.07342531681605036
2009-08-31,-0.03203388822757236,0.0625674444401838,-0.0159566777569633,0.04490682428438997,0.032371479530499014,0.10017920849547857
2009-09-30,-0.018782068874628632,0.05059408185717307,0.0338545004461257,0.007963350331856578,0.04117432855308323,0.03212766304614356
2009-10-31,-0.02473477673603608,-0.032497639411729895,-0.03324101297845383,-0.02305502353524047,0.00015101434894138066,-0.054273444068298926
2009-11-30,-0.04426784458448241,0.034169561372740964,0.054042871795870195,0.011752089134990484,0.023713572410704598,0.06411098836289697
2009-12-31,0.08252185336408646,0.04926975422830582,0.042004599534939846,-0.036681333050616605,0.027640938987147035,0.01849377751345216
2010-01-31,-0.03266429043746344,-0.0168692531649427,-0.025088163980224842,-0.05232511435646847,0.021194082971110917,-0.005313919867328765
2010-02-28,0.007868098490095399,-0.04690890896378985,-0.04228701366027099,-0.08534672988595449,-0.006641489411511214,0.030415851304620767
2010-03-31,0.12239764407898046,0.06812718337891721,0.0854644306340342,0.028262078070452334,0.05693417800920031,0.00433950656356652
2010-04-30,-0.03550853591483205,0.029734319988330093,0.05412939364680458,0.021811132273493183,0.03601529654691393,0.04934926938378936
2010-05-31,-0.10189252686634953,-0.0879377196136224,-0.06524853711067835,-0.15541354254937068,-0.08988121527862292,-0.11443443138253473
2010-06-30,-0.061859409482538874,-0.0943381363525645,-0.07562086108693522,-0.12126387576179565,-0.08374641900497415,-0.07584034813245899
2010-07-31,0.020448197931555834,0.09283436575156911,0.06723057428800039,0.002014343718278022,0.08614442607452344,0.08379112370949682
2010-08-31,-0.04041910309330565,-0.047807233520164694,-0.04384713552734598,-0.07523769294650018,-0.032406242730420365,0.02100145903888828
2010-09-30,0.017765937376034158,0.013235963072737222,0.0031572291018622245,0.00336945590526172,0.03679424176272472,0.03405532499047048
2010-10-31,0.016418777442765875,0.10989407154218267,0.12924639478837807,0.010397957240606548,0.073529321036504,0.02650195008000278
2010-11-30,0.06048107681520265,-0.03935748031998387,0.013287130584584195,-0.05114455900530057,-0.0480589388730871,-0.0014791541499020733
2010-12-31,0.024846063833653842,-0.002329748893834971,-0.010024209964422326,-0.007250284982998512,0.03232124142391002,0.026081184745937014
2011-01-31,0.020923942417069297,0.020520389703202024,-0.0009608480440637113,-0.05337006902339292,0.008268586807566924,-0.018695043344362228
2011-02-28,0.034015430426419746,0.012154326906687496,0.00799075140549843,-0.014476582254515868,0.000703971667554093,0.03858768742873098
2011-03-31,-0.04404497294582299,-0.0427094776643453,-0.034552421754854956,-0.08648887500602931,-0.011960953101605387,-0.031436977001528144
2011-04-30,-0.060642956044493324,0.06228678157602996,0.0817012273624782,-0.015590302082262752,0.03384534785116067,0.04107265838540575
2011-05-31,0.002979021137517579,-0.022056724662398608,-0.044559579254099924,-0.05480301914899255,-0.016955289539877683,-0.005655851522218147
2011-06-30,0.005899744051949041,-0.002226048843402051,0.008717122781215947,-0.09205215263299438,-0.03949555041801722,-0.015034332640738168
2011-07-31,-0.023791527216509678,-0.08352103928171906,-0.05759133679438999,-0.03622746690154277,-0.10314345461711827,-0.04319362510860281
2011-08-31,-0.051456090013740186,-0.06666154122311974,-0.1312795679004577,-0.06172154991404444,0.11078417982239452,-0.030973879380895908
2011-09-30,0.0012145328262123112,-0.12993829983293825,-0.10658483906966454,-0.12591686704707783,-0.09510090142585659,-0.08378441552423577
2011-10-31,0.01626350798192322,0.0746301888167542,0.10122418185933824,0.029353322138914617,0.03985392769744944,0.06425228703256192
2011-11-30,-0.052074128715389856,-0.026931181473535237,-0.002903271691711784,-0.07989272055993468,-0.0012518806807244598,0.0030413183125599375
2011-12-31,-0.008877114136768505,-0.022432328201483998,-0.04351783324426317,-0.08500458564906499,0.014577932193392762,-0.01110326724162225
2012-01-31,0.06178357941725976,-0.0008603860548874742,0.03344428047388459,0.008377285244105748,-0.014508528802317455,-0.0015560759473358665
2012-02-29,0.12839211632042702,0.06902741156101655,0.07877937437141158,0.03488132545129963,0.0688444553648151,0.05392360206793123
2012-03-31,-0.030072661251669852,-0.005621400880276406,0.009020036680321919,-0.028204878955379042,0.02323396367517394,-0.02132816131715254
2012-04-30,-0.05997088959455876,-0.026929211354395965,0.003615647824889323,-0.0025907926733895748,0.020114819055363165,0.0023866849216382935
2012-05-31,-0.08703192295223439,-0.051665432899106856,-0.07189887008269358,-0.13231755544893042,-0.036695899466865134,-0.04973591908659436
2012-06-30,0.06705429449376954,0.054238611039232776,0.01346540056440848,-0.060425344157556626,0.03081030048679012,0.01878482379033164
2012-07-31,-0.03814037748499044,-0.008634441148984928,0.014618579817987198,0.020483683070201097,0.01842060406475654,0.002522783417820529
2012-08-31,-0.008063018912525255,0.005714818864461346,-0.008388713778411994,0.013681472919887527,-0.018096869670004345,-0.004473374260269614
2012-09-30,0.034847007275854325,0.02693862676338621,0.05766276053438402,-0.005402174573748475,0.047406584791733763,0.037714014172469223
2012-10-31,0.018129591173616788,0.03799935503979546,0.03443158841171634,-0.020892169806291383,0.032684379441356826,0.012882310400694097
2012-11-30,0.0562579720774421,0.005395862890317016,-0.011581167366396361,-0.02186901985680656,0.006717902391543573,-0.00018127696251379888
2012-12-31,0.11501293379008115,0.026788369626203012,0.029985298542211325,0.007987156218136393,0.026363615136049456,0.030125479474165773
2013-01-31,0.07266565258447888,0.04152302330740687,0.039052205522636774,0.04611716287784673,0.06873190122224049,0.07797842675001421
2013-02-28,0.013921277638423435,0.03981285724016059,0.0360497510493758,0.0014244916787069517,0.06449709567973494,0.017895467675672294
2013-03-31,0.08613760825410854,-0.02668812800689435,-0.030804713881502854,-0.048370122826205675,-0.009908177506677052,-0.03188863165081346
2013-04-30,0.12021179868236376,0.04179859489308069,0.02064315700571895,0.06269138264182439,0.054783879400744695,0.02132858915694369
2013-05-31,-0.09431703509163014,0.020046030106999346,0.029457991216434998,-0.06558339288391879,-0.037184707642848536,0.00854390444444042
2013-06-30,0.059004819793815444,-0.02192032063640592,-0.014531617861007318,-0.0672102585921216,0.004394496701948025,-0.017635245757538276
2013-07-31,-0.044588760467894506,0.042591760413660085,0.011295088992215874,0.012005107270191662,-0.002646241649688408,0.018918567653529506
2013-08-31,0.008531157446390547,0.0005975354591407633,0.0012039226470992315,-0.04204369258581031,0.008999616503922558,-0.029375016323209824
2013-09-30,0.05812479406563198,0.03983416178100874,0.032957207680753386,0.004818471816611991,0.014640036804038248,0.01884428876671329
2013-10-31,0.035374116125059585,0.0675928434114973,0.08394075437269166,0.061068357727247946,0.06322860983654766,0.036474396450798086
2013-11-30,0.05963453544510722,-0.02529122755920299,0.006642968265163196,-0.022229895027902846,-0.02744727319317053,-0.028906596983891197
2013-12-31,0.0037975968216863443,0.024895286875733502,0.03286375865588331,-0.040434372611785174,0.03358920190610748,0.026333986719068392
2014-01-31,-0.076517412656126,-0.03050504166622625,-0.03222003941761231,-0.0793724010317971,-0.019507833542068864,-0.03446348876639915
2014-02-28,0.010710563609520607,0.05086846894578079,0.02806329202060831,0.024048887098567784,0.032919698212331205,0.046001164396569205
2014-03-31,-0.000417474011893737,0.016105970575956308,-0.0010627602809190062,-0.03416733391710758,0.024883663624393093,-0.03694818988934634
2014-04-30,-0.04068058985263989,0.022823086075762,0.003917395016462044,0.014453562154998156,0.02398972929154186,0.01125823482466859
2014-05-31,0.04285802600444355,0.027147502525920353,0.03844546325683995,-0.027122132584115777,0.028579659664349832,0.014673555294971496
2014-06-30,0.04445513812807156,-0.02401546933656573,-0.01425139467938541,-0.036529108672074595,-0.019427072769378384,-0.029227393959658676
2014-07-31,0.03616566263947296,-0.022014536530694073,-0.029533813761882022,0.030918179044217453,-0.012043873336580746,0.016677454690398275
2014-08-31,0.021302820121191224,0.036134483427443964,0.021309727524392197,0.003077637933129096,0.04671677896159687,0.01755235084174822
2014-09-30,0.00354714558551672,-0.015077003006188416,-0.01816021143037916,-0.07606320281033696,-0.004107092519350486,-0.04049971757848603
2014-10-31,0.07006768538481212,-0.028635576345956704,-0.017916186835211123,0.00032598757146184987,-0.005398454697007393,-0.005084669127148556
2014-11-30,0.005010298143327652,0.03940841377222748,0.05762840111210288,-0.02785297607685222,0.036716486178464014,0.013000750158967955
2014-12-31,-0.03348410950871594,0.03872174203013412,0.03639748088750605,-0.02910327850619021,-0.04721601856274038,0.00429733816111344
2015-01-31,0.021270055400663068,0.03668346124309785,0.04515058050500065,0.0195994327325697,-0.034221051089435406,-0.023991501128323822
2015-02-28,0.0816532669475849,0.09374959609309441,0.08761759896997778,0.01937062588409444,0.14767629147580463,0.0638914855638758
2015-03-31,0.0006070495364394191,-0.03233578651533853,-0.005005772017752541,-0.03159495395621448,-0.03940303135934553,-0.047933870983338456
2015-04-30,0.04706771339451177,-0.019343711709062683,-0.06308722668377376,-0.052664778157178516,0.009099634990806127,-0.007666772277556966
2015-05-31,0.06093731981745332,0.03732080258632453,0.030344204477259495,0.027629578640378738,0.05743591439408402,0.027519318226167933
2015-06-30,-0.047467791741560794,-0.013850480627767725,-0.008303444310224894,-0.052131951736360205,-0.014100099037695268,-0.04701200983705056
2015-07-31,0.0227278440174441,0.026648475189139376,0.0029703509581222587,-0.003122956314033587,0.06687923111191418,0.016661276803176417
2015-08-31,-0.09402235644035184,-0.0714410637628613,-0.06965505168829556,-0.07323420617841869,-0.055414154685093364,-0.04195795565671101
2015-09-30,-0.04943844701566602,-0.026185825147081232,-0.035423432178331216,-0.09778946927397991,-0.028512547070188132,-0.037412754847744534
2015-10-31,0.12325274632746996,0.13414332083646008,0.1554140583995559,0.05318425173820662,0.10446815750133065,0.04822719005380616
2015-11-30,-0.00823535420278465,-0.043714876822042004,-0.017262710564070805,-0.0454465367323893,-0.0371906345180385,0.010057190143084704
2015-12-31,-0.0345760068096399,-0.01633645712727727,-0.016836374599077386,0.05916219314092275,0.02359731077467242,0.012889012936560418
2016-01-31,-0.06679903140206889,-0.05716336272276601,-0.09413079244496292,-0.1189767728496195,-0.05932711651565692,-0.062045495913932824
2016-02-29,-0.06853638706705711,0.00985343849775644,0.0009690734843985638,-0.07326448801457774,-0.01747877916088858,-0.004266262046836333
2016-03-31,0.03787782736071077,0.004491067294736251,0.036856104834656955,0.06273002811228512,0.007178429609344672,0.004578658274063008
2016-04-30,0.022991239669241326,0.04528184761351217,0.033722775664329685,0.0842829463971686,0.07261268973486279,-0.0027724515362257396
2016-05-31,0.007860906462211936,0.0410404404936443,0.0353862509520263,-0.04282413876110369,0.018919219130412834,0.045805166352905546
2016-06-30,-0.06520738105504376,-0.0334431279624009,-0.03486285693269797,-0.04128519853384649,0.01819759398325982,0.06325569386446239
2016-07-31,0.04747411992109152,0.025970670903424864,0.04270565608531607,0.057054865157961876,0.012213352675930267,-0.032237304865633254
2016-08-31,0.041079911992097595,0.0268180803894128,0.041186389471891016,-0.005225228631903778,0.04381921122135368,0.019095958520545242
2016-09-30,0.027443243501760084,0.03266708850157929,0.029206141811653485,-0.01438327780752513,0.024732928068860405,0.0776995548655326
2016-10-31,0.07620334145424024,0.026683444928649713,0.016369779907344673,-0.017161193687919463,-0.019896374529705496,-0.06710709272527748
2016-11-30,0.07875527603708665,0.022053815774405017,0.007267456414681184,0.028848187505254086,0.04313404505690499,-0.015053701221379834
2016-12-31,-0.03265421773987143,0.04109044451590527,0.04845669335041247,-0.01045726329202079,0.020277504183181305,0.06891080197424182
2017-01-31,0.0016042261016877557,0.006971163983261253,0.029927527139591348,-0.02772255407259383,0.03286787518188605,-0.016289236338059898
2017-02-28,0.0362977323216227,0.02709923508981138,0.03559793649178622,0.04765779692543437,0.05492583779808902,0.06203257694736963
2017-03-31,-0.020053551291442817,0.07142882458888788,0.05019522510507568,0.030735653760474158,0.04530983721945003,-0.015734201892888766
2017-04-30,0.06675540135587887,0.024427442230942287,-0.0006022317687583989,0.0011033588104150116,0.043507091710305756,0.009467941742081099
2017-05-31,0.003694169559125715,0.06387968383141218,0.05205214564119376,-0.06289406362613681,0.03935899497005968,0.08732812861944117
2017-06-30,0.06359413695298255,-0.014776542291401906,-0.017524333337374798,-0.01949204255455861,0.03573865575822821,-0.042796732636404045
2017-07-31,-0.02100049582183816,0.010280038452133544,0.014059978511779203,0.01789964060436766,0.05000559285727768,0.03769371746774863
2017-08-31,0.044711276216772844,0.03771344340752192,0.031323405556637374,0.007933460702072237,-0.0010511609044766557,-0.010626926896597055
2017-09-30,0.06268681254945851,0.0821918759230773,0.09637659516882358,0.026977250215494908,0.07449490827757421,0.045453767098890374
2017-10-31,0.04334315138044009,0.03157167724885357,0.03233020086549099,0.03373404037884198,0.030051040378524796,0.0119090249284306
2017-11-30,0.03411972137893937,-0.00576388732745825,-0.0015380876104017505,-0.008420861356807974,0.009203111175124179,-0.021814782456842652
2017-12-31,0.010128496579831836,-0.006220370820421595,-0.0033656683259992715,-0.01983593304530351,0.008131360015917188,0.038281593821111404
2018-01-31,0.02172398861667202,0.07012707038276189,0.06150524026599946,0.04834522993417645,0.03709324620969778,0.013327595961376115
2018-02-28,-0.008135816043321475,0.006135410721664458,-0.009229689135677455,0.0032046954593905053,0.022630199546945118,-0.006530850075072037
2018-03-31,0.03637242787425499,0.01705441406162267,0.00736123340813799,-0.03784539707459933,0.025704309656164992,-0.010847406678556104
2018-04-30,0.05752537475493946,0.11988727611945227,0.0922452442368511,0.04722747710381958,0.069650750520174,0.12602106801222634
2018-05-31,-0.00975113036321762,0.004752828117324359,0.0035077196583755965,-0.001966734112833879,-0.03730974704348178,0.008092545418564523
2018-06-30,0.023447569122962975,-0.010657250702784338,-0.019871732772056006,0.039729066298160864,0.0642088680732843,0.00923551540704548
2018-07-31,0.013780644988155122,0.061917202656873616,0.07502593411281999,0.013835517918715956,0.06356556156018678,0.039019238336485906
2018-08-31,0.027074072196679566,-0.0022222949071432074,-0.016253768574408967,0.027991952286659627,0.0009843105666732521,-0.050009308167781374
2018-09-30,0.07199645181727288,0.062443316803642235,0.03332957351400856,-0.010410486826785359,0.08141375322804267,0.040076837962970346
2018-10-31,-0.06629717192041318,-0.045563447890802355,-0.03660966504619789,-0.08919615332290665,-0.0076281978177646925,-0.032144931345906236
2018-11-30,0.03715254477264329,-0.001209885146681966,-0.004033046792573436,0.014346930737166863,0.010157822059132737,0.011075017902978046
2018-12-31,-0.09588097227779524,0.010078759222955314,-0.0067419162328700155,-0.008414907166087393,-0.0064517035525769595,-0.061741061892193416
2019-01-31,0.11633805187241097,0.09068072704138785,0.0979972386662209,0.04212206149477282,0.11644512512283522,0.07250825252556936
2019-02-28,0.044205996318138374,0.06297378211120619,0.048074282945468116,0.06642245162560978,0.06000684856374827,0.04074723799903479
2019-03-31,0.02323880616922236,0.03809140720734283,0.03033221665790231,-0.003006676186530055,0.05484331812993726,0.06751399180661588
2019-04-30,0.021781983544463257,0.07442643484925437,0.09230280357993792,0.06093487866534131,0.06945984728448007,0.043474412457025324
2019-05-31,-0.041999105829370276,-0.033818707072043264,-0.03913981348062434,0.005115134602972304,-0.014980243180225283,-0.013956872715480406
2019-06-30,0.06695823002773149,0.0988100172884081,0.08875442388816679,0.04085995095700268,0.08599274552579939,0.048792304325126046
2019-07-31,0.00984943751554579,0.022763858825798233,0.011841317508401117,0.07629570827422838,0.02752640544486562,0.03905008671245258
2019-08-31,0.020442162328378366,0.022885046343041338,0.015289746554708494,-0.04463825887364514,0.04672287262723418,-0.06236615928807898
2019-09-30,0.06815003869683534,0.03618090882862801,0.03906364116561245,0.040099298064297795,0.024705014258803337,0.03640989148819851
2019-10-31,0.06677460970271853,0.048523849416801434,0.06734351816565254,-0.0032891827451070332,0.027926228084606985,0.004689551540996373
2019-11-30,0.03370632653056793,0.04601458049426532,0.04780704749755693,0.029853112099348156,0.03874223157125445,0.03325932198468551
2019-12-31,0.028532500479745426,0.041661535536025474,0.03470578447903483,0.0016728008557732599,0.03326263107766314,0.0646249424982599
2020-01-31,0.0005251922769740069,0.017354736185338338,0.02260207708762374,0.07561817766766132,0.04266745203073863,-0.013510304495416126
2020-02-29,-0.11498586639899133,-0.08356437326422972,-0.08953727076062545,-0.029447020612918262,-0.07750648233144053,-0.04519333323573471
2020-03-31,-0.03036965251550927,-0.12402575730094156,-0.11070649333558558,-0.27777375723963493,-0.02638893973960954,-0.19122780535526573
2020-04-30,0.04022649687568114,0.03600254064675612,0.08486337867977256,0.08208614487755983,0.04126941288019981,0.06205018599043466
2020-05-31,0.08009314448867044,0.018763410340308928,0.04489245431521449,0.0259116938875521,0.022831192014667323,0.0033498542651508867
2020-06-30,-0.009777508661193313,0.06156075080545276,0.05764070651999398,0.06399018417242508,0.027616831535238973,0.018294638003685026
2020-07-31,-0.03380816507869666,-0.026942052451302767,-0.006248559592612057,0.008027037757428745,0.007876687804223792,-0.05508259005348837
2020-08-31,0.08321020848395189,0.07505434092901697,0.09062052171642976,0.05998721440675969,0.06379543465746573,0.07360040631464748
2020-09-30,0.018679834964523856,-0.015161044597114759,-0.005370926042470137,-0.015680534050489192,0.0037983260383136486,-0.030220917362836497
2020-10-31,-0.029057168115627086,-0.032484645974291126,-0.07925279691328135,-0.012742119680074993,-0.04322604106781025,-0.04835106536007949
2020-11-30,0.10978571310792695,0.16142887270476036,0.11732304899350954,0.08853895271629364,0.07557768127275155,0.12539551833246287
2020-12-31,0.03839064340513876,0.05165132894526692,0.07684117014039615,0.02989047020784108,0.05534839624842214,0.041674656929299836
2021-01-31,0.019774170915183742,-0.012813205655307858,0.01429636774947518,0.029949274398288317,0.014081942547612525,-0.007005376063552227
2021-02-28,0.04602070623839083,0.06652611529010433,0.036344856922605806,0.023431775758192774,0.029322794681040376,0.03410526891445631
2021-03-31,0.026206667751082047,0.04529860381656414,0.05688667040946971,0.01724060839382846,0.03157615346629572,0.04978790529279853
2021-04-30,-0.02799646944459533,0.04680236640237356,0.011196844809616024,0.02839745596519183,0.012467105718865668,0.02452061119212723
2021-05-31,0.021435533327151313,0.06517864652259275,0.05513441584229173,0.04685502929759833,0.0686121280059202,0.03491980881358703
2021-06-30,0.008486494594279081,0.03137349349074092,0.032860120671771686,0.03918205065189062,0.05042601751594633,0.010868646296941509
2021-07-31,-0.02564399364317771,0.006927583229646039,-0.0012782334446482801,-0.0044719562404628155,0.015166403665540118,-0.006430086913975397
2021-08-31,0.03932793364420861,0.005920794391359285,0.024969294322710445,0.011275697454382394,0.04382557627942929,0.02623637954770719
2021-09-30,0.06729360330683465,-0.007037569958491141,-0.014530289228058546,-0.02512440567660912,-0.05622171258570896,-0.018733889078248023
2021-10-31,-0.02958495338318967,0.06701712971616824,0.02755325521043106,0.03257500184315831,0.042542739506750804,0.027038863795000534
2021-11-30,-0.04255009324691761,-0.0009779167227541574,-0.027571555644133494,0.002791037794390605,0.00011612816376382895,-0.022860402801683444
2021-12-31,0.042885712542168775,0.04100149048778057,0.03439327350260213,0.004328760137626286,0.06758080189043958,0.006930198669115262
2022-01-31,-0.05070946949130861,-0.030005780146889593,-0.02723912664596051,-0.055944174678719705,-0.04284339794481684,0.009915024120096483
2022-02-28,0.02642643308161763,-0.004523296827526391,-0.014518928828233357,-0.00850403360765295,-0.000985218227662732,0.015068883978705094
2022-03-31,0.08517108312963761,0.008777818499450696,-0.007385814535362911,0.1077611484030001,0.044250924404320435,0.002837724623665272
2022-04-30,-0.049731919006695824,0.0018174871917419066,0.0003915500155917684,0.04324798093059368,0.04360378734761694,0.021358043504183688
2022-05-31,0.041182586560347234,-0.00533584643333096,0.01687262232490294,-0.07268167177308316,-0.05763407801444398,-0.02258524432870057
2022-06-30,-0.008878925080772704,-0.0067117392392263,-0.05695538623922636,-0.06717280509297086,-0.04230665991514837,-0.028970065092772113
2022-07-31,0.035111150427887594,0.09032146549845588,0.041821614099799564,0.028441907741570294,0.06397520156057368,0.018160297341623277
2022-08-31,0.11084261731662925,-0.006245063668436024,-0.01443740245462799,0.07730678499489474,0.028600584713997512,0.037235733865283005
2022-09-30,-0.04151597913898941,-0.05426222947751469,-0.07507402819861253,-0.045746833932102327,-0.03145528866094749,-0.11008222339360063
2022-10-31,0.03522379336904646,0.055429043048812465,0.06376760659054392,-0.016758137657925776,0.0302514801902245,0.0047762455060602615
2022-11-30,0.04762538357012214,0.10519796593031905,0.10846955138205971,0.09231990453764749,0.07595274940947228,0.07376190484712897
2022-12-31,0.019329604298820913,0.004540110092107974,0.007147449691008889,-0.02983236727161198,0.03296469600682772,0.024301051297309195
2023-01-31,0.14312230085006727,0.1463215908075508,0.14294145776763,0.11708673878430864,0.10669892263336611,0.06619856970504201
2023-02-28,0.043683373053490904,0.027809829804078312,0.026767624317523664,0.011978225854813451,0.018413963418548063,0.008400869102568098
2023-03-31,0.060680980536665485,0.009036534093633364,0.009279301680962915,-0.023440675955047507,0.03134956199499084,-0.04667040491421437
2023-04-30,0.10672284636909946,0.0837295535408622,0.06588349450308795,0.038373294792115376,0.09830089596335023,0.05816962653802804
2023-05-31,0.0875343402810893,-0.02885747301270747,-0.010803848934072158,-0.036693909528305646,0.017306532471309866,-0.054820737250366625
2023-06-30,0.09316247948832101,0.03160499731229249,0.02033698419662122,0.03564075607218964,0.00678506252642741,-0.007255812932820405
2023-07-31,0.09870831334050645,0.06015826264443502,0.07463923561330033,0.08561216814497441,0.07917552977722164,0.061726933665653405
2023-08-31,0.05332748115586261,-0.006115495511637814,-0.008934748148305305,-0.02113834643855972,0.030405906901384228,-0.009230455487137967
2023-09-30,0.05037918262837493,-0.035474664163351655,-0.031230394112389148,-0.009707606358937304,0.0034860489724353183,0.01412871135939786
2023-10-31,0.01368989830420786,-0.05677326629835966,-0.06547585835701775,-0.06600622548853308,-0.03447317696905894,-0.07996001921864537
2023-11-30,0.06673070644872858,0.08880732873118702,0.11066768339977195,0.0551494833659667,0.06630693519170117,0.03311408509277469
2023-12-31,0.10456831140745315,0.059286828866762065,0.05003117912002031,0.12042563888953817,0.08027734649710605,0.059450828793604416
2024-01-31,0.13048471275578688,0.04040581135811738,0.025848017957292413,0.03020418646644507,0.07485263793750696,-0.0024774147204033037
2024-02-29,0.078558243357151,0.03185116966281032,0.02780893151287933,-0.0020039740819024487,0.04632698560101367,-0.00625708208925202
2024-03-31,0.12010290329490436,0.05968854540211366,0.07465111208487119,0.05238240352397927,0.0814584449267054,0.07146216930598803
2024-04-30,0.024230819203912457,-0.025043010572649127,-0.02784988191947535,-0.04556963048504603,-0.005142787777389746,0.002467214819494856
2024-05-31,0.05649375203176177,0.04347925359970306,0.0581952450926162,0.03395300027687398,0.07652978570875257,0.030816262252773674
2024-06-30,0.051559115933572874,-0.05771766157860814,-0.0069756334873036785,0.015105810998641944,0.04906032864733145,-0.020904381116937154
2024-07-31,-0.030479417411230947,0.00968960333934299,0.010782100218976742,0.05265453722602409,0.013759539649145891,0.041935278578404844
2024-08-31,0.07348718811527122,0.040381812421795615,0.040187341678179944,-0.0103492515916086,0.06991457880702123,-0.007689112647816687
2024-09-30,0.0986186629286353,0.05038086078171933,0.06810602252081188,0.0639116324015716,0.054756978022674874,0.016295526568150143
2024-10-31,0.03654214710763226,-0.028073704267419952,0.002132527225285341,0.005806177265151202,0.012502995044366916,-0.007211834090926517
2024-11-30,,,,,,
